p1_0001.bmp,600.0,320.0,572.77,420.506,162.154
p1_0001.bmp,598.24,319.76,572.675,419.111,160.987
p1_0001.bmp,596.48,319.52,572.05,418.07,159.825
p1_0001.bmp,594.72,319.28,570.194,412.657,154.362
p1_0001.bmp,592.96,319.04,567.808,406.131,147.872
p1_0001.bmp,591.2,318.8,566.135,402.049,143.776
p1_0001.bmp,589.44,318.56,565.393,401.191,142.923
p1_0001.bmp,587.68,318.32,564.214,400.148,141.865
p1_0001.bmp,585.92,318.08,567.353,416.976,157.991
p1_0001.bmp,584.16,317.84,567.563,423.637,164.464
p1_0001.bmp,582.4,317.6,572.282,453.821,194.0
p1_0001.bmp,580.64,317.36,566.25,438.342,178.59
p1_0001.bmp,578.88,317.12,566.297,447.746,187.819
p1_0001.bmp,577.12,316.88,568.993,474.556,214.17
p1_0001.bmp,575.36,316.64,570.597,499.95,239.035
p1_0001.bmp,573.6,316.4,569.578,511.909,250.941
p1_0001.bmp,571.84,316.16,573.848,560.033,298.75
p1_0001.bmp,570.08,315.92,575.424,592.246,330.82
p1_0001.bmp,568.32,315.68,574.959,611.934,350.418
p1_0001.bmp,566.56,315.44,574.658,631.556,369.947
p1_0001.bmp,564.8,315.2,572.496,651.137,388.93
p1_0001.bmp,563.04,314.96,564.411,640.808,377.638
p1_0001.bmp,561.28,314.72,554.275,610.384,346.328
p1_0001.bmp,559.52,314.48,549.943,601.567,336.971
p1_0001.bmp,557.76,314.24,543.826,576.583,311.475
p1_0001.bmp,556.0,314.0,539.669,558.403,292.903
p1_0001.bmp,554.24,313.76,536.723,546.162,280.206
p1_0001.bmp,552.48,313.52,533.852,531.285,264.941
p1_0001.bmp,550.72,313.28,529.989,509.41,242.715
p1_0001.bmp,548.96,313.04,527.984,497.041,230.097
p1_0001.bmp,547.2,312.8,527.595,492.536,225.434
p1_0001.bmp,545.44,312.56,527.271,489.778,222.53
p1_0001.bmp,543.68,312.32,526.748,494.469,226.723
p1_0001.bmp,541.92,312.08,525.769,502.947,234.688
p1_0001.bmp,540.16,311.84,524.597,501.786,233.27
p1_0001.bmp,538.4,311.6,524.875,485.149,216.936
p1_0001.bmp,536.64,311.36,524.603,482.301,213.933
p1_0001.bmp,534.88,311.12,524.459,480.187,211.764
p1_0001.bmp,533.12,310.88,524.04,483.185,214.543
p1_0001.bmp,531.36,310.64,523.457,485.009,216.241
p1_0001.bmp,529.6,310.4,523.26,483.174,214.373
p1_0001.bmp,527.84,310.16,521.864,485.81,216.695
p1_0001.bmp,526.08,309.92,519.457,465.242,196.518
p1_0001.bmp,524.32,309.68,518.136,457.83,189.308
p1_0001.bmp,522.56,309.44,516.604,448.963,180.692
p1_0001.bmp,520.8,309.2,516.203,447.078,178.906
p1_0001.bmp,519.04,308.96,514.359,444.852,176.921
p1_0001.bmp,517.28,308.72,513.113,445.587,177.891
p1_0001.bmp,515.52,308.48,510.464,457.45,189.572
p1_0001.bmp,513.76,308.24,508.924,459.187,191.599
p1_0001.bmp,512.0,308.0,507.713,450.959,183.987
p1_0001.bmp,510.24,307.76,506.301,443.614,177.238
p1_0001.bmp,508.48,307.52,503.094,452.164,185.69
p1_0001.bmp,506.72,307.28,503.948,433.92,168.496
p1_0001.bmp,504.96,307.04,501.407,429.675,164.692
p1_0001.bmp,503.2,306.8,501.899,435.836,170.905
p1_0001.bmp,501.44,306.56,503.809,430.275,166.015
p1_0001.bmp,499.68,306.32,504.185,433.838,169.854
p1_0001.bmp,497.92,306.08,504.598,432.111,168.772
p1_0001.bmp,496.16,305.84,505.447,426.799,164.275
p1_0001.bmp,494.4,305.6,505.246,428.286,166.154
p1_0001.bmp,492.64,305.36,505.306,427.527,165.86
p1_0001.bmp,490.88,305.12,505.657,429.268,167.888
p1_0001.bmp,489.12,304.88,506.361,426.79,165.737
p1_0001.bmp,487.36,304.64,505.551,424.525,163.765
p1_0001.bmp,485.6,304.4,504.187,422.771,162.3
p1_0001.bmp,483.84,304.16,503.73,420.176,160.007
p1_0001.bmp,482.08,303.92,502.431,421.573,161.479
p1_0001.bmp,480.32,303.68,501.958,420.212,160.246
p1_0001.bmp,478.56,303.44,501.139,418.167,158.445
p1_0001.bmp,476.8,303.2,499.671,418.4,158.759
p1_0001.bmp,475.04,302.96,497.819,418.845,159.243
p1_0001.bmp,473.28,302.72,495.822,412.164,152.936
p1_0001.bmp,471.52,302.48,493.087,413.339,154.003
p1_0001.bmp,469.76,302.24,490.794,407.672,148.494
p1_0001.bmp,468.0,302.0,487.823,403.497,144.678
p1_0001.bmp,466.24,301.76,484.798,382.347,126.149
p1_0001.bmp,464.48,301.52,482.584,388.837,132.103
p1_0001.bmp,462.72,301.28,480.342,386.608,130.295
p1_0001.bmp,460.96,301.04,478.174,387.622,131.36
p1_0001.bmp,459.2,300.8,476.323,388.942,132.87
p1_0001.bmp,457.44,300.56,474.549,387.432,131.74
p1_0001.bmp,455.68,300.32,472.197,383.504,128.556
p1_0001.bmp,453.92,300.08,469.488,388.166,133.175
p1_0001.bmp,452.16,299.84,464.277,400.196,144.994
p1_0001.bmp,450.4,299.6,462.685,397.039,142.251
p1_0001.bmp,448.64,299.36,461.071,393.565,139.406
p1_0001.bmp,446.88,299.12,460.231,391.29,137.472
p1_0001.bmp,445.12,298.88,458.526,394.549,140.568
p1_0001.bmp,443.36,298.64,457.846,390.712,137.048
p1_0001.bmp,441.6,298.4,457.199,387.879,134.567
p1_0001.bmp,439.84,298.16,455.96,395.161,141.234
p1_0001.bmp,438.08,297.92,455.17,392.285,138.481
p1_0001.bmp,436.32,297.68,454.847,385.794,132.444
p1_0001.bmp,434.56,297.44,453.213,389.884,136.293
p1_0001.bmp,432.8,297.2,452.58,382.821,129.979
p1_0001.bmp,431.04,296.96,451.411,381.415,128.857
p1_0001.bmp,429.28,296.72,449.773,380.784,128.587
p1_0001.bmp,427.52,296.48,448.353,381.726,129.623
p1_0001.bmp,425.76,296.24,445.153,386.777,134.819
p1_0001.bmp,424.0,296.0,440.876,400.014,147.592
p1_0001.bmp,422.24,295.76,438.848,400.679,148.473
p1_0001.bmp,420.48,295.52,437.317,399.163,147.361
p1_0001.bmp,418.72,295.28,435.637,400.923,149.196
p1_0001.bmp,416.96,295.04,435.062,395.977,144.799
p1_0001.bmp,415.2,294.8,433.696,396.948,145.848
p1_0001.bmp,413.44,294.56,432.242,397.787,146.845
p1_0001.bmp,411.68,294.32,432.123,393.905,143.214
p1_0001.bmp,409.92,294.08,432.577,390.0,139.444
p1_0001.bmp,408.16,293.84,431.425,392.14,141.422
p1_0001.bmp,406.4,293.6,430.595,390.935,140.281
p1_0001.bmp,404.64,293.36,427.046,402.737,151.602
p1_0001.bmp,402.88,293.12,426.447,401.476,150.407
p1_0001.bmp,401.12,292.88,423.544,405.509,154.78
p1_0001.bmp,399.36,292.64,423.042,400.428,150.212
p1_0001.bmp,397.6,292.4,420.732,403.359,153.377
p1_0001.bmp,395.84,292.16,420.141,401.372,151.627
p1_0001.bmp,394.08,291.92,419.191,400.669,151.089
p1_0001.bmp,392.32,291.68,418.311,401.057,151.512
p1_0001.bmp,390.56,291.44,419.091,395.614,146.246
p1_0001.bmp,388.8,291.2,419.48,395.438,145.676
p1_0001.bmp,387.04,290.96,419.414,395.38,145.267
p1_0001.bmp,385.28,290.72,418.771,407.176,155.705
p1_0001.bmp,383.52,290.48,419.271,403.819,152.148
p1_0001.bmp,381.76,290.24,419.84,401.887,149.883
p1_0001.bmp,380.0,290.0,420.096,401.188,148.952
p1_0001.bmp,381.76,289.76,423.284,385.917,134.277
p1_0001.bmp,383.52,289.52,422.718,387.582,135.748
p1_0001.bmp,385.28,289.28,422.064,391.33,139.037
p1_0001.bmp,387.04,289.04,423.187,388.431,135.939
p1_0001.bmp,388.8,288.8,423.45,388.07,135.44
p1_0001.bmp,390.56,288.56,423.119,390.038,137.132
p1_0001.bmp,392.32,288.32,416.462,415.231,161.725
p1_0001.bmp,394.08,288.08,415.36,420.685,166.918
p1_0001.bmp,395.84,287.84,419.119,415.728,161.128
p1_0001.bmp,397.6,287.6,424.819,395.184,140.695
p1_0001.bmp,399.36,287.36,430.34,385.365,130.156
p1_0001.bmp,401.12,287.12,431.986,383.805,128.268
p1_0001.bmp,402.88,286.88,431.535,397.14,140.132
p1_0001.bmp,404.64,286.64,432.736,401.893,144.008
p1_0001.bmp,406.4,286.4,434.415,402.497,144.12
p1_0001.bmp,408.16,286.16,436.641,402.402,143.531
p1_0001.bmp,409.92,285.92,439.448,399.788,140.52
p1_0001.bmp,411.68,285.68,442.726,395.413,135.894
p1_0001.bmp,413.44,285.44,445.246,392.704,133.253
p1_0001.bmp,415.2,285.2,446.054,398.245,138.224
p1_0001.bmp,416.96,284.96,446.57,401.308,141.085
p1_0001.bmp,418.72,284.72,446.758,405.979,145.441
p1_0001.bmp,420.48,284.48,446.863,408.621,147.971
p1_0001.bmp,422.24,284.24,447.43,412.709,151.564
p1_0001.bmp,424.0,284.0,447.703,415.034,153.688
p1_0001.bmp,425.76,283.76,448.253,416.52,154.852
p1_0001.bmp,427.52,283.52,448.188,420.165,158.177
p1_0001.bmp,429.28,283.28,446.504,428.383,166.034
p1_0001.bmp,431.04,283.04,449.511,423.05,160.26
p1_0001.bmp,432.8,282.8,449.368,428.415,165.084
p1_0001.bmp,434.56,282.56,450.031,428.112,164.346
p1_0001.bmp,436.32,282.32,450.762,430.092,165.753
p1_0001.bmp,438.08,282.08,451.72,431.845,166.838
p1_0001.bmp,439.84,281.84,454.639,428.265,162.545
p1_0001.bmp,441.6,281.6,455.801,429.52,163.206
p1_0001.bmp,443.36,281.36,456.477,432.86,165.928
p1_0001.bmp,445.12,281.12,457.203,431.718,164.518
p1_0001.bmp,446.88,280.88,457.407,433.935,166.367
p1_0001.bmp,448.64,280.64,458.074,430.026,162.474
p1_0001.bmp,450.4,280.4,458.13,430.368,162.66
p1_0001.bmp,452.16,280.16,458.567,432.001,163.995
p1_0001.bmp,453.92,279.92,459.241,433.837,165.602
p1_0001.bmp,455.68,279.68,460.173,434.464,165.964
p1_0001.bmp,457.44,279.44,460.352,437.466,168.531
p1_0001.bmp,459.2,279.2,462.336,434.51,165.343
p1_0001.bmp,460.96,278.96,464.008,434.812,165.191
p1_0001.bmp,462.72,278.72,463.421,440.645,170.706
p1_0001.bmp,464.48,278.48,467.119,436.157,165.716
p1_0001.bmp,466.24,278.24,470.997,427.154,156.522
p1_0001.bmp,468.0,278.0,473.007,423.625,152.917
p1_0001.bmp,469.76,277.76,474.541,422.15,151.305
p1_0001.bmp,471.52,277.52,475.52,426.233,155.048
p1_0001.bmp,473.28,277.28,475.298,431.974,160.56
p1_0001.bmp,475.04,277.04,476.677,441.067,169.144
p1_0001.bmp,476.8,276.8,479.675,447.715,175.435
p1_0001.bmp,478.56,276.56,481.005,472.649,199.493
p1_0001.bmp,480.32,276.32,482.244,516.585,242.478
p1_0001.bmp,482.08,276.08,485.699,541.525,267.146
p1_0001.bmp,483.84,275.84,488.115,549.832,275.61
p1_0001.bmp,485.6,275.6,490.529,557.989,283.921
p1_0001.bmp,487.36,275.36,492.38,566.47,292.424
p1_0001.bmp,489.12,275.12,495.007,578.782,304.758
p1_0001.bmp,490.88,274.88,497.051,598.897,324.759
p1_0001.bmp,492.64,274.64,500.087,625.355,350.785
p1_0001.bmp,494.4,274.4,503.222,625.402,350.821
p1_0001.bmp,496.16,274.16,507.458,621.541,346.814
p1_0001.bmp,497.92,273.92,508.79,614.016,339.145
p1_0001.bmp,499.68,273.68,511.367,619.348,344.276
p1_0001.bmp,501.44,273.44,515.003,613.633,338.284
p1_0001.bmp,503.2,273.2,515.321,628.187,352.392
p1_0001.bmp,504.96,272.96,515.82,630.541,354.185
p1_0001.bmp,506.72,272.72,517.164,629.324,352.347
p1_0001.bmp,508.48,272.48,518.848,657.416,379.619
p1_0001.bmp,510.24,272.24,522.643,614.43,336.499
p2_0001.bmp,380.0,260.0,415.204,392.117,210.708
p2_0002.bmp,381.76,259.68,415.567,390.406,208.943
p2_0003.bmp,383.52,259.36,415.91,386.507,205.068
p2_0004.bmp,385.28,259.04,415.932,383.604,202.07
p2_0005.bmp,387.04,258.72,415.621,382.489,200.9
p2_0006.bmp,388.8,258.4,415.103,380.887,199.284
p2_0007.bmp,390.56,258.08,414.734,378.712,196.992
p2_0008.bmp,392.32,257.76,413.869,375.504,193.789
p2_0009.bmp,394.08,257.44,414.281,374.104,192.021
p2_0010.bmp,395.84,257.12,413.99,370.168,188.013
p2_0011.bmp,397.6,256.8,414.238,364.881,182.638
p2_0012.bmp,399.36,256.48,414.843,362.967,180.337
p2_0013.bmp,401.12,256.16,414.531,363.864,180.865
p2_0014.bmp,402.88,255.84,414.799,364.361,180.842
p2_0015.bmp,404.64,255.52,415.281,362.707,178.726
p2_0016.bmp,406.4,255.2,415.567,363.832,179.191
p2_0017.bmp,408.16,254.88,417.67,356.969,171.949
p2_0018.bmp,409.92,254.56,417.163,358.72,173.122
p2_0019.bmp,411.68,254.24,417.073,361.629,175.392
p2_0020.bmp,413.44,253.92,417.858,359.798,172.979
p2_0021.bmp,415.2,253.6,418.43,361.286,173.649
p2_0022.bmp,416.96,253.28,418.588,362.351,174.093
p2_0023.bmp,418.72,252.96,419.423,361.585,172.657
p2_0024.bmp,420.48,252.64,419.98,365.327,175.622
p2_0025.bmp,422.24,252.32,421.189,363.829,173.621
p2_0026.bmp,424.0,252.0,419.121,374.928,184.002
p2_0027.bmp,425.76,251.68,417.532,381.541,190.193
p2_0028.bmp,427.52,251.36,419.212,374.909,183.308
p2_0029.bmp,429.28,251.04,420.807,375.749,183.602
p2_0030.bmp,431.04,250.72,421.507,375.614,182.95
p2_0031.bmp,432.8,250.4,420.06,382.915,189.818
p2_0032.bmp,434.56,250.08,419.224,386.772,193.384
p2_0033.bmp,436.32,249.76,418.874,391.344,197.366
p2_0034.bmp,438.08,249.44,420.285,395.089,200.168
p2_0035.bmp,439.84,249.12,421.641,393.898,198.432
p2_0036.bmp,441.6,248.8,422.208,400.625,204.148
p2_0037.bmp,443.36,248.48,423.111,400.388,203.402
p2_0038.bmp,445.12,248.16,423.509,402.628,205.211
p2_0039.bmp,446.88,247.84,425.019,402.253,204.307
p2_0040.bmp,448.64,247.52,426.693,397.695,199.506
p2_0041.bmp,450.4,247.2,426.837,402.391,203.933
p2_0042.bmp,452.16,246.88,428.19,401.27,202.679
p2_0043.bmp,453.92,246.56,428.815,401.104,202.576
p2_0044.bmp,455.68,246.24,431.769,401.215,202.263
p2_0045.bmp,457.44,245.92,432.863,406.879,207.548
p2_0046.bmp,459.2,245.6,434.133,412.989,213.277
p2_0047.bmp,460.96,245.28,434.64,422.433,222.441
p2_0048.bmp,462.72,244.96,435.346,432.658,232.368
p2_0049.bmp,464.48,244.64,436.723,439.588,239.011
p2_0050.bmp,466.24,244.32,439.112,455.271,254.241
p2_0051.bmp,468.0,244.0,439.779,510.681,308.223
p2_0052.bmp,469.76,243.68,442.973,580.796,376.744
p2_0053.bmp,471.52,243.36,448.232,603.751,399.302
p2_0054.bmp,473.28,243.04,453.385,658.508,453.402
p2_0055.bmp,475.04,242.72,459.481,740.339,534.505
p2_0056.bmp,476.8,242.4,465.001,792.823,586.57
p2_0057.bmp,478.56,242.08,471.322,871.066,664.104
p2_0058.bmp,480.32,241.76,482.457,874.651,667.486
p2_0059.bmp,482.08,241.44,493.065,874.027,666.672
p2_0060.bmp,483.84,241.12,501.759,925.658,717.817
p2_0061.bmp,485.6,240.8,510.04,862.896,655.015
p2_0062.bmp,487.36,240.48,517.907,863.94,655.787
p2_0063.bmp,489.12,240.16,524.995,817.125,608.805
p2_0064.bmp,490.88,239.84,530.201,736.014,527.718
p2_0065.bmp,492.64,239.52,533.395,660.68,452.503
p2_0066.bmp,494.4,239.2,536.982,628.962,420.596
p2_0067.bmp,496.16,238.88,538.946,567.194,358.984
p2_0068.bmp,497.92,238.56,542.14,548.49,339.982
p2_0069.bmp,499.68,238.24,542.21,495.397,287.209
p2_0070.bmp,501.44,237.92,542.193,460.229,252.156
p2_0071.bmp,503.2,237.6,543.087,441.119,232.722
p2_0072.bmp,504.96,237.28,548.569,466.71,257.134
p2_0073.bmp,506.72,236.96,549.719,447.437,237.829
p2_0074.bmp,508.48,236.64,551.078,437.155,227.326
p2_0075.bmp,510.24,236.32,554.682,447.38,236.862
p2_0076.bmp,512.0,236.0,554.991,436.231,225.394
p2_0077.bmp,513.76,235.68,557.423,443.015,231.565
p2_0078.bmp,515.52,235.36,558.559,444.01,231.991
p2_0079.bmp,517.28,235.04,559.168,442.887,230.43
p2_0080.bmp,519.04,234.72,560.822,449.302,236.259
p2_0081.bmp,520.8,234.4,561.443,453.349,239.766
p2_0082.bmp,522.56,234.08,555.839,431.309,216.909
p2_0083.bmp,524.32,233.76,554.899,428.823,213.883
p2_0084.bmp,526.08,233.44,555.481,433.21,217.889
p2_0085.bmp,527.84,233.12,555.981,434.678,219.042
p2_0086.bmp,529.6,232.8,555.326,435.311,219.084
p2_0087.bmp,531.36,232.48,554.415,433.99,217.196
p2_0088.bmp,533.12,232.16,548.629,408.716,191.381
p2_0089.bmp,534.88,231.84,549.272,409.908,192.367
p2_0090.bmp,536.64,231.52,551.478,412.02,194.547
p2_0091.bmp,538.4,231.2,573.297,496.877,280.631
p2_0092.bmp,540.16,230.88,582.228,544.429,328.639
p2_0093.bmp,541.92,230.56,585.018,560.346,344.735
p2_0094.bmp,543.68,230.24,584.616,551.864,336.368
p2_0095.bmp,545.44,229.92,582.676,532.859,317.486
p2_0096.bmp,547.2,229.6,584.238,545.311,330.047
p2_0097.bmp,548.96,229.28,585.201,558.587,343.414
p2_0098.bmp,550.72,228.96,588.663,595.105,380.034
p2_0099.bmp,552.48,228.64,588.401,593.788,379.048
p2_0100.bmp,554.24,228.32,591.472,604.082,389.773
p2_0101.bmp,556.0,228.0,601.373,642.13,428.898
p2_0102.bmp,557.76,227.68,606.528,640.145,428.082
p2_0103.bmp,559.52,227.36,605.824,614.75,403.066
p2_0104.bmp,561.28,227.04,605.485,597.688,386.148
p2_0105.bmp,563.04,226.72,605.845,601.594,389.934
p2_0106.bmp,564.8,226.4,608.232,607.3,395.907
p2_0107.bmp,566.56,226.08,610.149,603.168,392.2
p2_0108.bmp,568.32,225.76,607.916,573.921,363.211
p2_0109.bmp,570.08,225.44,600.956,514.379,304.084
p2_0110.bmp,571.84,225.12,606.504,515.999,307.18
p2_0111.bmp,573.6,224.8,600.233,474.805,266.454
p2_0112.bmp,575.36,224.48,594.39,441.234,233.299
p2_0113.bmp,577.12,224.16,594.628,443.16,235.708
p2_0114.bmp,578.88,223.84,591.286,416.363,210.02
p2_0115.bmp,580.64,223.52,592.402,408.314,203.382
p2_0116.bmp,582.4,223.2,600.194,416.201,213.895
p2_0117.bmp,584.16,222.88,610.405,432.153,232.895
p2_0118.bmp,585.92,222.56,622.086,448.618,253.043
p2_0119.bmp,587.68,222.24,621.744,438.202,244.066
p2_0120.bmp,589.44,221.92,620.356,430.791,237.301
p2_0121.bmp,591.2,221.6,617.825,420.142,227.2
p2_0122.bmp,592.96,221.28,627.549,432.876,243.398
p2_0123.bmp,594.72,220.96,637.66,449.592,263.516
p2_0124.bmp,596.48,220.64,654.767,485.013,303.243
p2_0125.bmp,598.24,220.32,663.599,505.046,325.887
p2_0126.bmp,600.0,220.0,658.539,491.683,312.506
p2_0127.bmp,598.24,219.68,644.444,456.229,275.528
p2_0128.bmp,596.48,219.36,636.373,441.25,259.532
p2_0129.bmp,594.72,219.04,628.739,423.943,241.633
p2_0130.bmp,592.96,218.72,620.952,408.967,225.678
p2_0131.bmp,591.2,218.4,615.601,400.156,216.347
p2_0132.bmp,589.44,218.08,612.239,399.814,215.19
p2_0133.bmp,587.68,217.76,608.132,394.7,209.355
p2_0134.bmp,585.92,217.44,603.496,386.481,200.326
p2_0135.bmp,584.16,217.12,596.094,371.351,184.131
p2_0136.bmp,582.4,216.8,594.937,370.489,183.213
p2_0137.bmp,580.64,216.48,592.669,366.951,179.377
p2_0138.bmp,578.88,216.16,589.711,359.942,172.353
p2_0139.bmp,577.12,215.84,587.087,355.434,167.758
p2_0140.bmp,575.36,215.52,585.586,356.07,168.157
p2_0141.bmp,573.6,215.2,584.577,360.391,172.081
p2_0142.bmp,571.84,214.88,579.623,354.937,165.759
p2_0143.bmp,570.08,214.56,579.363,359.7,170.221
p2_0144.bmp,568.32,214.24,578.462,364.671,174.612
p2_0145.bmp,566.56,213.92,576.043,363.031,172.424
p2_0146.bmp,564.8,213.6,573.519,362.257,170.952
p2_0147.bmp,563.04,213.28,572.693,364.549,172.958
p2_0148.bmp,561.28,212.96,570.638,362.231,170.163
p2_0149.bmp,559.52,212.64,568.441,360.601,167.943
p2_0150.bmp,557.76,212.32,567.33,362.508,169.188
p2_0151.bmp,556.0,212.0,566.467,363.287,169.452
p2_0152.bmp,554.24,211.68,567.809,373.026,178.706
p2_0153.bmp,552.48,211.36,567.045,374.158,179.264
p2_0154.bmp,550.72,211.04,570.033,382.843,187.909
p2_0155.bmp,548.96,210.72,567.72,380.149,184.437
p2_0156.bmp,547.2,210.4,559.985,364.952,167.871
p2_0157.bmp,545.44,210.08,556.778,359.674,161.885
p2_0158.bmp,543.68,209.76,554.085,354.818,156.608
p2_0159.bmp,541.92,209.44,554.551,355.436,157.305
p2_0160.bmp,540.16,209.12,556.706,362.729,164.764
p2_0161.bmp,538.4,208.8,557.223,364.338,166.447
p2_0162.bmp,536.64,208.48,557.423,367.355,169.472
p2_0163.bmp,534.88,208.16,557.894,370.493,172.629
p2_0164.bmp,533.12,207.84,557.742,371.414,173.736
p2_0165.bmp,531.36,207.52,557.664,379.718,181.978
p2_0166.bmp,529.6,207.2,556.378,381.178,183.477
p2_0167.bmp,527.84,206.88,555.558,380.984,183.447
p2_0168.bmp,526.08,206.56,554.772,383.446,185.923
p2_0169.bmp,524.32,206.24,554.687,390.502,192.868
p2_0170.bmp,522.56,205.92,553.827,398.159,200.302
p2_0171.bmp,520.8,205.6,551.273,389.91,192.426
p2_0172.bmp,519.04,205.28,550.349,400.613,202.801
p2_0173.bmp,517.28,204.96,548.656,408.0,209.984
p2_0174.bmp,515.52,204.64,546.897,410.819,212.845
p2_0175.bmp,513.76,204.32,546.173,431.323,232.806
p2_0176.bmp,512.0,204.0,545.324,445.848,247.059
p2_0177.bmp,510.24,203.68,545.644,474.339,275.021
p2_0178.bmp,508.48,203.36,546.136,510.29,310.25
p2_0179.bmp,506.72,203.04,546.391,547.884,347.233
p2_0180.bmp,504.96,202.72,543.989,565.35,364.223
p2_0181.bmp,503.2,202.4,540.384,590.011,387.878
p2_0182.bmp,501.44,202.08,536.606,617.966,414.647
p2_0183.bmp,499.68,201.76,531.511,632.837,428.319
p2_0184.bmp,497.92,201.44,519.171,603.027,397.228
p2_0185.bmp,496.16,201.12,512.535,652.865,445.512
p2_0186.bmp,494.4,200.8,500.792,603.034,394.841
p2_0187.bmp,492.64,200.48,490.448,555.236,346.41
p2_0188.bmp,490.88,200.16,481.474,521.775,312.165
p2_0189.bmp,489.12,199.84,470.813,556.561,344.646
p2_0190.bmp,487.36,199.52,467.018,478.643,266.867
p2_0191.bmp,485.6,199.2,463.512,448.97,236.739
p2_0192.bmp,483.84,198.88,459.807,431.636,218.77
p2_0193.bmp,482.08,198.56,456.94,433.826,219.557
p2_0194.bmp,480.32,198.24,455.379,424.665,209.424
p2_0195.bmp,478.56,197.92,453.678,414.658,198.491
p2_0196.bmp,476.8,197.6,452.372,413.815,196.306
p2_0197.bmp,475.04,197.28,451.504,404.919,186.198
p2_0198.bmp,473.28,196.96,452.493,398.074,177.869
p2_0199.bmp,471.52,196.64,452.836,394.603,172.943
p2_0200.bmp,469.76,196.32,452.5,396.956,173.835
p3_0001.bmp,600.0,240.0,574.668,305.662,129.874
p3_0002.bmp,598.24,239.52,573.612,309.648,133.818
p3_0003.bmp,596.48,239.04,570.711,333.299,157.492
p3_0004.bmp,594.72,238.56,568.006,343.187,167.854
p3_0005.bmp,592.96,238.08,564.438,383.652,208.648
p3_0006.bmp,591.2,237.6,560.681,373.606,199.967
p3_0007.bmp,589.44,237.12,557.293,364.336,191.951
p3_0008.bmp,587.68,236.64,555.541,359.753,188.284
p3_0009.bmp,585.92,236.16,561.865,407.683,236.984
p3_0010.bmp,584.16,235.68,562.334,383.395,213.541
p3_0011.bmp,582.4,235.2,562.06,374.455,205.413
p3_0012.bmp,580.64,234.72,561.296,365.379,197.04
p3_0013.bmp,578.88,234.24,561.389,361.41,193.791
p3_0014.bmp,577.12,233.76,560.638,362.564,195.633
p3_0015.bmp,575.36,233.28,561.478,370.302,203.959
p3_0016.bmp,573.6,232.8,558.701,352.684,187.051
p3_0017.bmp,571.84,232.32,556.338,339.581,174.817
p3_0018.bmp,570.08,231.84,553.675,322.742,159.115
p3_0019.bmp,568.32,231.36,551.679,309.746,147.261
p3_0020.bmp,566.56,230.88,550.092,302.16,140.832
p3_0021.bmp,564.8,230.4,548.865,297.706,137.395
p3_0022.bmp,563.04,229.92,547.496,302.745,142.985
p3_0023.bmp,561.28,229.44,545.986,307.889,148.754
p3_0024.bmp,559.52,228.96,544.537,305.637,147.512
p3_0025.bmp,557.76,228.48,543.437,299.527,142.831
p3_0026.bmp,556.0,228.0,541.538,294.633,139.522
p3_0027.bmp,554.24,227.52,540.6,290.6,136.853
p3_0028.bmp,552.48,227.04,539.492,285.707,133.218
p3_0029.bmp,550.72,226.56,538.271,281.138,129.903
p3_0030.bmp,548.96,226.08,537.089,280.388,130.079
p3_0031.bmp,547.2,225.6,536.168,280.548,130.837
p3_0032.bmp,545.44,225.12,535.538,288.091,138.325
p3_0033.bmp,543.68,224.64,537.536,305.896,155.876
p3_0034.bmp,541.92,224.16,538.384,317.663,167.605
p3_0035.bmp,540.16,223.68,538.424,321.621,171.793
p3_0036.bmp,538.4,223.2,538.881,333.706,183.615
p3_0037.bmp,536.64,222.72,539.01,342.948,192.707
p3_0038.bmp,534.88,222.24,539.318,351.077,200.647
p3_0039.bmp,533.12,221.76,539.545,354.587,204.063
p3_0040.bmp,531.36,221.28,539.751,353.042,202.456
p3_0041.bmp,529.6,220.8,539.274,345.199,194.69
p3_0042.bmp,527.84,220.32,539.905,350.064,199.361
p3_0043.bmp,526.08,219.84,539.823,345.404,194.777
p3_0044.bmp,524.32,219.36,539.578,339.638,189.077
p3_0045.bmp,522.56,218.88,542.22,353.684,203.075
p3_0046.bmp,520.8,218.4,543.84,361.067,210.512
p3_0047.bmp,519.04,217.92,549.195,380.847,230.648
p3_0048.bmp,517.28,217.44,550.855,388.655,238.527
p3_0049.bmp,515.52,216.96,551.894,396.33,246.25
p3_0050.bmp,513.76,216.48,554.059,413.605,263.418
p3_0051.bmp,512.0,216.0,555.867,425.562,275.325
p3_0052.bmp,510.24,215.52,556.871,437.589,287.282
p3_0053.bmp,508.48,215.04,555.789,438.543,288.112
p3_0054.bmp,506.72,214.56,553.088,426.67,276.194
p3_0055.bmp,504.96,214.08,551.319,430.103,279.049
p3_0056.bmp,503.2,213.6,549.897,430.024,278.879
p3_0057.bmp,501.44,213.12,546.01,434.074,281.883
p3_0058.bmp,499.68,212.64,539.88,426.954,273.452
p3_0059.bmp,497.92,212.16,537.491,432.114,277.503
p3_0060.bmp,496.16,211.68,530.99,421.559,265.857
p3_0061.bmp,494.4,211.2,521.155,401.896,245.153
p3_0062.bmp,492.64,210.72,511.263,372.112,214.835
p3_0063.bmp,490.88,210.24,505.261,365.808,207.897
p3_0064.bmp,489.12,209.76,498.432,355.491,197.277
p3_0065.bmp,487.36,209.28,491.373,347.038,188.639
p3_0066.bmp,485.6,208.8,484.136,347.962,189.069
p3_0067.bmp,483.84,208.32,478.849,355.894,196.383
p3_0068.bmp,482.08,207.84,473.896,365.158,205.094
p3_0069.bmp,480.32,207.36,469.293,372.544,212.227
p3_0070.bmp,478.56,206.88,464.894,376.585,216.132
p3_0071.bmp,476.8,206.4,460.424,377.756,217.483
p3_0072.bmp,475.04,205.92,457.006,380.633,220.403
p3_0073.bmp,473.28,205.44,452.738,386.771,226.395
p3_0074.bmp,471.52,204.96,450.024,384.49,224.326
p3_0075.bmp,469.76,204.48,447.465,381.771,221.866
p3_0076.bmp,468.0,204.0,444.823,376.107,216.417
p3_0077.bmp,466.24,203.52,443.145,373.865,214.254
p3_0078.bmp,464.48,203.04,440.402,365.504,206.231
p3_0079.bmp,462.72,202.56,439.079,357.508,198.527
p3_0080.bmp,460.96,202.08,437.775,351.37,192.545
p3_0081.bmp,459.2,201.6,437.112,341.604,183.166
p3_0082.bmp,457.44,201.12,436.367,337.834,179.45
p3_0083.bmp,455.68,200.64,435.356,336.862,178.531
p3_0084.bmp,453.92,200.16,431.391,346.554,187.82
p3_0085.bmp,452.16,199.68,430.451,343.15,184.464
p3_0086.bmp,450.4,199.2,429.123,345.727,186.945
p3_0087.bmp,448.64,198.72,427.215,348.424,189.558
p3_0088.bmp,446.88,198.24,427.32,344.278,185.439
p3_0089.bmp,445.12,197.76,426.904,344.911,185.913
p3_0090.bmp,443.36,197.28,426.896,343.506,184.452
p3_0091.bmp,441.6,196.8,427.323,339.497,180.459
p3_0092.bmp,439.84,196.32,427.399,337.191,178.036
p3_0093.bmp,438.08,195.84,427.642,333.343,174.123
p3_0094.bmp,436.32,195.36,428.062,327.295,168.113
p3_0095.bmp,434.56,194.88,427.254,326.818,167.381
p3_0096.bmp,432.8,194.4,426.461,325.142,165.548
p3_0097.bmp,431.04,193.92,426.342,321.861,162.237
p3_0098.bmp,429.28,193.44,425.419,320.59,160.944
p3_0099.bmp,427.52,192.96,423.114,327.208,167.186
p3_0100.bmp,425.76,192.48,420.843,330.396,170.254
p3_0101.bmp,424.0,192.0,419.271,330.371,170.171
p3_0102.bmp,422.24,191.52,416.963,335.118,174.613
p3_0103.bmp,420.48,191.04,416.184,332.42,171.806
p3_0104.bmp,418.72,190.56,415.072,332.858,172.071
p3_0105.bmp,416.96,190.08,415.744,331.772,170.807
p3_0106.bmp,415.2,189.6,415.786,331.937,170.879
p3_0107.bmp,413.44,189.12,415.411,333.601,172.326
p3_0108.bmp,411.68,188.64,414.825,335.739,174.363
p3_0109.bmp,409.92,188.16,414.462,335.037,173.572
p3_0110.bmp,408.16,187.68,413.753,336.258,174.765
p3_0111.bmp,406.4,187.2,414.582,335.377,173.772
p3_0112.bmp,404.64,186.72,414.249,336.591,175.002
p3_0113.bmp,402.88,186.24,414.181,339.704,178.001
p3_0114.bmp,401.12,185.76,414.572,345.709,183.936
p3_0115.bmp,399.36,185.28,414.296,353.085,191.179
p3_0116.bmp,397.6,184.8,414.614,349.043,187.408
p3_0117.bmp,395.84,184.32,415.95,348.083,186.692
p3_0118.bmp,394.08,183.84,416.411,348.857,187.632
p3_0119.bmp,392.32,183.36,416.486,350.439,189.298
p3_0120.bmp,390.56,182.88,416.521,341.351,180.679
p3_0121.bmp,388.8,182.4,416.133,334.199,174.087
p3_0122.bmp,387.04,181.92,416.255,333.405,173.533
p3_0123.bmp,385.28,181.44,416.508,332.979,173.357
p3_0124.bmp,383.52,180.96,417.192,336.753,177.336
p3_0125.bmp,381.76,180.48,418.327,346.183,186.784
p3_0126.bmp,380.0,180.0,418.301,342.797,183.982
p3_0127.bmp,381.76,180.48,418.409,338.24,180.123
p3_0128.bmp,383.52,180.96,415.076,358.107,199.969
p3_0129.bmp,385.28,181.44,416.55,343.557,186.44
p3_0130.bmp,387.04,181.92,419.371,341.686,185.082
p3_0131.bmp,388.8,182.4,419.632,338.252,182.281
p3_0132.bmp,390.56,182.88,419.791,333.834,178.561
p3_0133.bmp,392.32,183.36,418.772,325.943,171.391
p3_0134.bmp,394.08,183.84,420.149,314.99,161.456
p3_0135.bmp,395.84,184.32,422.496,313.526,160.53
p3_0136.bmp,397.6,184.8,423.3,311.443,159.143
p3_0137.bmp,399.36,185.28,425.795,316.205,164.281
p3_0138.bmp,401.12,185.76,425.569,314.839,163.528
p3_0139.bmp,402.88,186.24,425.779,312.586,161.788
p3_0140.bmp,404.64,186.72,426.092,311.856,161.394
p3_0141.bmp,406.4,187.2,426.266,311.438,161.24
p3_0142.bmp,408.16,187.68,426.835,308.353,158.498
p3_0143.bmp,409.92,188.16,426.689,307.567,157.984
p3_0144.bmp,411.68,188.64,426.613,308.284,158.725
p3_0145.bmp,413.44,189.12,426.315,309.252,159.698
p3_0146.bmp,415.2,189.6,426.015,310.66,161.071
p3_0147.bmp,416.96,190.08,425.423,307.292,157.858
p3_0148.bmp,418.72,190.56,424.368,307.625,157.987
p3_0149.bmp,420.48,191.04,424.258,305.733,156.015
p3_0150.bmp,422.24,191.52,424.268,306.943,157.1
p3_0151.bmp,424.0,192.0,424.306,315.947,165.651
p3_0152.bmp,425.76,192.48,424.971,317.636,167.24
p3_0153.bmp,427.52,192.96,425.928,326.677,175.835
p3_0154.bmp,429.28,193.44,425.927,333.741,182.524
p3_0155.bmp,431.04,193.92,425.81,340.343,188.696
p3_0156.bmp,432.8,194.4,426.114,349.28,197.191
p3_0157.bmp,434.56,194.88,427.094,362.531,209.79
p3_0158.bmp,436.32,195.36,427.088,372.067,218.753
p3_0159.bmp,438.08,195.84,426.641,387.942,233.997
p3_0160.bmp,439.84,196.32,426.651,409.573,254.838
p3_0161.bmp,441.6,196.8,425.072,428.78,273.355
p3_0162.bmp,443.36,197.28,427.688,419.799,264.006
p3_0163.bmp,445.12,197.76,427.686,426.586,270.129
p3_0164.bmp,446.88,198.24,428.591,429.373,272.449
p3_0165.bmp,448.64,198.72,430.179,422.678,265.453
p3_0166.bmp,450.4,199.2,431.385,425.328,267.622
p3_0167.bmp,452.16,199.68,432.662,427.368,269.299
p3_0168.bmp,453.92,200.16,434.289,428.985,270.41
p3_0169.bmp,455.68,200.64,433.506,449.643,290.525
p3_0170.bmp,457.44,201.12,432.794,462.677,302.985
p3_0171.bmp,459.2,201.6,433.158,464.834,304.55
p3_0172.bmp,460.96,202.08,435.248,460.941,299.768
p3_0173.bmp,462.72,202.56,437.841,464.818,302.491
p3_0174.bmp,464.48,203.04,441.331,457.194,293.908
p3_0175.bmp,466.24,203.52,445.412,463.992,299.463
p3_0176.bmp,468.0,204.0,451.729,455.133,289.681
p3_0177.bmp,469.76,204.48,458.506,432.117,266.219
p3_0178.bmp,471.52,204.96,465.548,396.291,230.436
p3_0179.bmp,473.28,205.44,471.149,378.17,212.364
p3_0180.bmp,475.04,205.92,474.751,376.63,210.168
p3_0181.bmp,476.8,206.4,479.11,381.477,214.248
p3_0182.bmp,478.56,206.88,482.035,375.18,207.608
p3_0183.bmp,480.32,207.36,485.641,381.28,213.158
p3_0184.bmp,482.08,207.84,489.233,383.847,215.401
p3_0185.bmp,483.84,208.32,496.286,388.081,219.385
p3_0186.bmp,485.6,208.8,502.592,402.942,233.781
p3_0187.bmp,487.36,209.28,507.615,415.219,245.744
p3_0188.bmp,489.12,209.76,514.942,443.981,273.939
p3_0189.bmp,490.88,210.24,520.046,450.095,279.966
p3_0190.bmp,492.64,210.72,523.92,453.505,283.239
p3_0191.bmp,494.4,211.2,527.132,462.869,292.173
p3_0192.bmp,496.16,211.68,530.43,467.914,296.882
p3_0193.bmp,497.92,212.16,533.81,472.71,301.27
p3_0194.bmp,499.68,212.64,536.615,474.145,302.294
p3_0195.bmp,501.44,213.12,539.307,471.388,299.211
p3_0196.bmp,503.2,213.6,541.05,474.114,301.267
p3_0197.bmp,504.96,214.08,543.464,479.986,306.447
p3_0198.bmp,506.72,214.56,544.07,467.891,293.844
p3_0199.bmp,508.48,215.04,545.372,467.311,292.569
p3_0200.bmp,510.24,215.52,548.066,475.627,300.187
p4_0001.bmp,600.0,100.0,614.728,369.484,315.796
p4_0002.bmp,597.76,100.0,611.285,362.269,307.877
p4_0003.bmp,595.52,100.0,608.416,358.095,302.964
p4_0004.bmp,593.28,100.0,603.713,351.645,295.236
p4_0005.bmp,591.04,100.0,598.524,343.263,285.657
p4_0006.bmp,588.8,100.0,598.385,344.164,286.358
p4_0007.bmp,586.56,100.0,597.554,343.388,285.171
p4_0008.bmp,584.32,100.0,590.89,324.22,265.118
p4_0009.bmp,582.08,100.0,587.072,313.636,253.888
p4_0010.bmp,579.84,100.0,586.26,314.478,254.067
p4_0011.bmp,577.6,100.0,584.12,314.468,252.927
p4_0012.bmp,575.36,100.0,577.391,301.318,238.248
p4_0013.bmp,573.12,100.0,572.119,292.252,227.866
p4_0014.bmp,570.88,100.0,568.695,286.935,221.452
p4_0015.bmp,568.64,100.0,563.414,279.884,212.758
p4_0016.bmp,566.4,100.0,558.328,270.046,201.708
p4_0017.bmp,564.16,100.0,558.036,284.992,214.669
p4_0018.bmp,561.92,100.0,556.751,284.174,213.098
p4_0019.bmp,559.68,100.0,554.455,279.045,207.34
p4_0020.bmp,557.44,100.0,552.247,275.462,203.063
p4_0021.bmp,555.2,100.0,550.599,274.707,201.401
p4_0022.bmp,552.96,100.0,547.14,268.595,194.214
p4_0023.bmp,550.72,100.0,541.707,252.221,177.164
p4_0024.bmp,548.48,100.0,542.32,265.975,189.571
p4_0025.bmp,546.24,100.0,540.944,268.378,191.109
p4_0026.bmp,544.0,100.0,537.998,265.689,187.611
p4_0027.bmp,541.76,100.0,536.416,266.942,188.273
p4_0028.bmp,539.52,100.0,535.364,272.302,192.837
p4_0029.bmp,537.28,100.0,534.466,275.7,195.483
p4_0030.bmp,535.04,100.0,532.728,271.302,190.73
p4_0031.bmp,532.8,100.0,531.893,281.135,199.275
p4_0032.bmp,530.56,100.0,528.215,265.062,183.491
p4_0033.bmp,528.32,100.0,530.024,306.486,222.213
p4_0034.bmp,526.08,100.0,528.616,315.409,230.117
p4_0035.bmp,523.84,100.0,526.133,318.664,232.541
p4_0036.bmp,521.6,100.0,519.709,310.225,223.168
p4_0037.bmp,519.36,100.0,515.681,307.636,219.794
p4_0038.bmp,517.12,100.0,508.151,301.184,212.358
p4_0039.bmp,514.88,100.0,501.495,287.615,198.166
p4_0040.bmp,512.64,100.0,490.336,263.976,174.63
p4_0041.bmp,510.4,100.0,484.245,259.224,169.177
p4_0042.bmp,508.16,100.0,478.452,256.543,166.103
p4_0043.bmp,505.92,100.0,474.185,258.453,167.429
p4_0044.bmp,503.68,100.0,469.437,253.875,162.879
p4_0045.bmp,501.44,100.0,465.78,241.021,151.512
p4_0046.bmp,499.2,100.0,461.51,245.089,154.954
p4_0047.bmp,496.96,100.0,458.167,247.007,156.829
p4_0048.bmp,494.72,100.0,454.404,252.913,162.222
p4_0049.bmp,492.48,100.0,451.138,254.498,163.882
p4_0050.bmp,490.24,100.0,447.408,260.573,169.577
p4_0051.bmp,488.0,100.0,444.615,270.778,179.307
p4_0052.bmp,485.76,100.0,441.287,278.018,186.313
p4_0053.bmp,483.52,100.0,438.434,280.315,188.789
p4_0054.bmp,481.28,100.0,436.002,282.502,191.137
p4_0055.bmp,479.04,100.0,432.82,284.186,192.817
p4_0056.bmp,476.8,100.0,430.356,286.913,195.551
p4_0057.bmp,474.56,100.0,428.462,285.972,194.724
p4_0058.bmp,472.32,100.0,426.849,281.984,191.032
p4_0059.bmp,470.08,100.0,425.257,278.898,188.048
p4_0060.bmp,467.84,100.0,423.203,270.844,180.239
p4_0061.bmp,465.6,100.0,422.456,264.039,173.609
p4_0062.bmp,463.36,100.0,421.187,254.631,164.533
p4_0063.bmp,461.12,100.0,421.336,242.058,152.842
p4_0064.bmp,458.88,100.0,420.948,232.003,143.667
p4_0065.bmp,456.64,100.0,419.762,222.98,135.686
p4_0066.bmp,454.4,100.0,417.695,220.358,133.478
p4_0067.bmp,452.16,100.0,414.684,221.869,134.907
p4_0068.bmp,449.92,100.0,410.954,225.277,138.094
p4_0069.bmp,447.68,100.0,407.24,232.721,145.027
p4_0070.bmp,445.44,100.0,402.141,244.762,156.3
p4_0071.bmp,443.2,100.0,400.795,236.832,149.394
p4_0072.bmp,440.96,100.0,396.738,243.523,155.95
p4_0073.bmp,438.72,100.0,394.308,241.511,154.507
p4_0074.bmp,436.48,100.0,391.475,245.232,158.247
p4_0075.bmp,434.24,100.0,388.626,245.258,158.56
p4_0076.bmp,432.0,100.0,385.153,250.145,163.348
p4_0077.bmp,429.76,100.0,383.875,246.985,160.508
p4_0078.bmp,427.52,100.0,382.015,246.417,160.058
p4_0079.bmp,425.28,100.0,380.552,244.127,157.987
p4_0080.bmp,423.04,100.0,378.73,243.35,157.207
p4_0081.bmp,420.8,100.0,377.804,240.195,154.181
p4_0082.bmp,418.56,100.0,376.785,235.969,150.093
p4_0083.bmp,416.32,100.0,374.898,241.615,155.143
p4_0084.bmp,414.08,100.0,374.276,234.688,148.396
p4_0085.bmp,411.84,100.0,374.295,230.575,144.195
p4_0086.bmp,409.6,100.0,373.824,227.773,141.23
p4_0087.bmp,407.36,100.0,373.631,225.271,138.568
p4_0088.bmp,405.12,100.0,373.516,218.722,132.21
p4_0089.bmp,402.88,100.0,373.473,213.871,127.366
p4_0090.bmp,400.64,100.0,373.295,212.008,125.314
p4_0091.bmp,398.4,100.0,372.492,210.759,123.889
p4_0092.bmp,396.16,100.0,370.98,210.868,123.805
p4_0093.bmp,393.92,100.0,366.84,220.307,132.374
p4_0094.bmp,391.68,100.0,366.366,214.399,126.86
p4_0095.bmp,389.44,100.0,365.297,219.356,131.233
p4_0096.bmp,387.2,100.0,364.625,214.258,126.237
p4_0097.bmp,384.96,100.0,364.73,208.652,120.927
p4_0098.bmp,382.72,100.0,365.249,202.95,115.552
p4_0099.bmp,380.48,100.0,364.984,200.954,113.598
p4_0100.bmp,378.24,100.0,362.09,204.896,117.247
p4_0101.bmp,376.0,100.0,360.736,206.638,118.89
p4_0102.bmp,373.76,100.0,359.957,206.691,118.849
p4_0103.bmp,371.52,100.0,358.401,202.898,115.49
p4_0104.bmp,369.28,100.0,360.19,194.482,107.758
p4_0105.bmp,367.04,100.0,360.278,191.14,104.74
p4_0106.bmp,364.8,100.0,359.307,192.413,105.945
p4_0107.bmp,362.56,100.0,355.448,203.256,116.147
p4_0108.bmp,360.32,100.0,353.72,202.778,116.136
p4_0109.bmp,358.08,100.0,352.962,204.165,117.712
p4_0110.bmp,355.84,100.0,352.544,201.336,115.459
p4_0111.bmp,353.6,100.0,351.855,199.864,114.48
p4_0112.bmp,351.36,100.0,351.2,198.41,113.567
p4_0113.bmp,349.12,100.0,350.687,196.306,112.109
p4_0114.bmp,346.88,100.0,349.68,197.524,113.687
p4_0115.bmp,344.64,100.0,348.529,196.799,113.424
p4_0116.bmp,342.4,100.0,344.089,206.201,122.949
p4_0117.bmp,340.16,100.0,342.256,207.213,124.509
p4_0118.bmp,337.92,100.0,340.505,208.154,125.877
p4_0119.bmp,335.68,100.0,338.457,211.244,129.368
p4_0120.bmp,333.44,100.0,336.644,212.352,130.88
p4_0121.bmp,331.2,100.0,336.303,212.931,131.493
p4_0122.bmp,328.96,100.0,336.497,210.778,129.531
p4_0123.bmp,326.72,100.0,337.657,208.52,127.113
p4_0124.bmp,324.48,100.0,337.823,208.81,127.272
p4_0125.bmp,322.24,100.0,337.81,211.076,129.153
p4_0126.bmp,320.0,100.0,338.514,211.029,128.794
p4_0127.bmp,322.24,100.0,338.299,211.435,129.078
p4_0128.bmp,324.48,100.0,336.471,218.042,135.259
p4_0129.bmp,326.72,100.0,337.788,215.238,132.269
p4_0130.bmp,328.96,100.0,335.854,222.318,138.825
p4_0131.bmp,331.2,100.0,337.017,220.48,136.729
p4_0132.bmp,333.44,100.0,336.51,221.543,137.36
p4_0133.bmp,335.68,100.0,335.673,222.188,137.899
p4_0134.bmp,337.92,100.0,335.142,224.087,139.496
p4_0135.bmp,340.16,100.0,334.893,226.651,141.756
p4_0136.bmp,342.4,100.0,334.417,230.993,145.757
p4_0137.bmp,344.64,100.0,335.039,230.664,145.127
p4_0138.bmp,346.88,100.0,335.314,235.541,149.549
p4_0139.bmp,349.12,100.0,334.786,240.098,153.853
p4_0140.bmp,351.36,100.0,335.079,245.102,158.54
p4_0141.bmp,353.6,100.0,335.056,248.956,162.255
p4_0142.bmp,355.84,100.0,335.909,256.724,169.39
p4_0143.bmp,358.08,100.0,335.312,261.308,173.862
p4_0144.bmp,360.32,100.0,334.346,270.135,182.448
p4_0145.bmp,362.56,100.0,334.485,276.443,188.45
p4_0146.bmp,364.8,100.0,333.422,286.901,198.638
p4_0147.bmp,367.04,100.0,334.577,287.431,198.798
p4_0148.bmp,369.28,100.0,334.145,292.113,203.257
p4_0149.bmp,371.52,100.0,334.241,297.162,207.935
p4_0150.bmp,373.76,100.0,336.856,295.432,205.682
p4_0151.bmp,376.0,100.0,338.273,296.284,206.048
p4_0152.bmp,378.24,100.0,340.864,299.97,208.994
p4_0153.bmp,380.48,100.0,342.802,299.605,208.182
p4_0154.bmp,382.72,100.0,343.02,306.787,214.841
p4_0155.bmp,384.96,100.0,339.966,322.687,230.442
p4_0156.bmp,387.2,100.0,332.577,357.939,265.353
p4_0157.bmp,389.44,100.0,334.97,356.93,263.731
p4_0158.bmp,391.68,100.0,344.321,335.545,241.327
p4_0159.bmp,393.92,100.0,346.893,334.466,239.596
p4_0160.bmp,396.16,100.0,350.148,328.179,232.816
p4_0161.bmp,398.4,100.0,353.293,322.42,226.512
p4_0162.bmp,400.64,100.0,358.162,306.668,210.523
p4_0163.bmp,402.88,100.0,359.576,304.637,208.241
p4_0164.bmp,405.12,100.0,361.357,304.279,207.334
p4_0165.bmp,407.36,100.0,358.956,315.682,218.434
p4_0166.bmp,409.6,100.0,359.867,317.629,219.826
p4_0167.bmp,411.84,100.0,361.972,312.871,214.665
p4_0168.bmp,414.08,100.0,362.329,315.269,216.461
p4_0169.bmp,416.32,100.0,363.423,316.737,217.337
p4_0170.bmp,418.56,100.0,364.232,319.009,218.977
p4_0171.bmp,420.8,100.0,364.931,323.338,222.559
p4_0172.bmp,423.04,100.0,366.403,322.592,221.118
p4_0173.bmp,425.28,100.0,368.348,320.701,218.587
p4_0174.bmp,427.52,100.0,370.756,316.526,213.833
p4_0175.bmp,429.76,100.0,374.149,309.078,205.812
p4_0176.bmp,432.0,100.0,377.202,304.548,200.759
p4_0177.bmp,434.24,100.0,380.633,302.891,198.389
p4_0178.bmp,436.48,100.0,383.174,304.433,199.28
p4_0179.bmp,438.72,100.0,385.06,304.91,199.092
p4_0180.bmp,440.96,100.0,389.0,301.078,194.656
p4_0181.bmp,443.2,100.0,392.632,300.093,193.005
p4_0182.bmp,445.44,100.0,394.574,309.102,201.1
p4_0183.bmp,447.68,100.0,398.07,305.608,197.043
p4_0184.bmp,449.92,100.0,400.709,304.494,195.447
p4_0185.bmp,452.16,100.0,401.347,314.322,204.62
p4_0186.bmp,454.4,100.0,400.208,329.172,218.813
p4_0187.bmp,456.64,100.0,400.981,338.658,227.749
p4_0188.bmp,458.88,100.0,403.585,333.665,222.453
p4_0189.bmp,461.12,100.0,404.615,337.508,225.851
p4_0190.bmp,463.36,100.0,406.19,342.774,230.586
p4_0191.bmp,465.6,100.0,408.489,353.743,240.606
p4_0192.bmp,467.84,100.0,410.99,354.378,240.606
p4_0193.bmp,470.08,100.0,413.9,355.04,240.468
p4_0194.bmp,472.32,100.0,417.074,353.936,238.503
p4_0195.bmp,474.56,100.0,416.497,389.835,272.266
p4_0196.bmp,476.8,100.0,423.146,364.277,246.626
p4_0197.bmp,479.04,100.0,426.148,364.761,246.244
p4_0198.bmp,481.28,100.0,430.386,355.462,236.417
p4_0199.bmp,483.52,100.0,435.156,341.966,222.427
p4_0200.bmp,485.76,100.0,439.078,329.703,209.737
p5_0001.bmp,320.0,100.0,356.13,301.824,244.067
p5_0002.bmp,322.24,100.0,356.177,301.997,244.221
p5_0003.bmp,324.48,100.0,355.476,290.78,233.209
p5_0004.bmp,326.72,100.0,354.201,275.763,218.465
p5_0005.bmp,328.96,100.0,354.46,259.456,202.495
p5_0006.bmp,331.2,100.0,355.266,225.663,169.945
p5_0007.bmp,333.44,100.0,355.596,211.653,156.832
p5_0008.bmp,335.68,100.0,356.53,197.207,143.486
p5_0009.bmp,337.92,100.0,357.203,190.661,137.601
p5_0010.bmp,340.16,100.0,358.709,189.767,137.068
p5_0011.bmp,342.4,100.0,359.626,190.079,137.545
p5_0012.bmp,344.64,100.0,360.892,193.104,140.777
p5_0013.bmp,346.88,100.0,361.863,195.473,143.316
p5_0014.bmp,349.12,100.0,363.205,199.503,147.38
p5_0015.bmp,351.36,100.0,365.031,201.599,149.677
p5_0016.bmp,353.6,100.0,367.282,206.357,154.538
p5_0017.bmp,355.84,100.0,370.55,201.893,150.972
p5_0018.bmp,358.08,100.0,373.254,211.435,160.27
p5_0019.bmp,360.32,100.0,375.405,217.444,166.341
p5_0020.bmp,362.56,100.0,376.113,225.219,174.022
p5_0021.bmp,364.8,100.0,377.212,249.62,197.482
p5_0022.bmp,367.04,100.0,378.534,267.065,214.359
p5_0023.bmp,369.28,100.0,379.039,283.628,230.361
p5_0024.bmp,371.52,100.0,381.012,303.226,249.304
p5_0025.bmp,373.76,100.0,382.763,325.176,270.284
p5_0026.bmp,376.0,100.0,385.384,341.451,285.833
p5_0027.bmp,378.24,100.0,386.472,338.99,282.882
p5_0028.bmp,380.48,100.0,389.005,350.3,293.563
p5_0029.bmp,382.72,100.0,392.028,364.437,306.96
p5_0030.bmp,384.96,100.0,393.241,366.011,308.016
p5_0031.bmp,387.2,100.0,394.708,355.531,296.9
p5_0032.bmp,389.44,100.0,396.773,339.222,280.21
p5_0033.bmp,391.68,100.0,399.508,333.696,273.677
p5_0034.bmp,393.92,100.0,402.125,331.222,270.186
p5_0035.bmp,396.16,100.0,405.488,334.874,272.605
p5_0036.bmp,398.4,100.0,410.051,338.335,274.86
p5_0037.bmp,400.64,100.0,412.033,320.19,255.736
p5_0038.bmp,402.88,100.0,414.464,312.743,247.301
p5_0039.bmp,405.12,100.0,417.457,290.115,224.129
p5_0040.bmp,407.36,100.0,419.844,270.847,204.622
p5_0041.bmp,409.6,100.0,421.605,264.652,197.609
p5_0042.bmp,411.84,100.0,424.526,264.028,196.214
p5_0043.bmp,414.08,100.0,427.864,280.279,210.74
p5_0044.bmp,416.32,100.0,430.112,296.161,224.993
p5_0045.bmp,418.56,100.0,430.623,296.383,224.112
p5_0046.bmp,420.8,100.0,431.379,294.831,221.47
p5_0047.bmp,423.04,100.0,433.053,286.695,212.715
p5_0048.bmp,425.28,100.0,433.459,287.388,212.646
p5_0049.bmp,427.52,100.0,434.255,284.246,208.818
p5_0050.bmp,429.76,100.0,434.986,264.999,189.83
p5_0051.bmp,432.0,100.0,435.759,266.535,190.736
p5_0052.bmp,434.24,100.0,437.123,265.736,189.352
p5_0053.bmp,436.48,100.0,437.955,262.719,186.117
p5_0054.bmp,438.72,100.0,440.195,263.608,186.656
p5_0055.bmp,440.96,100.0,442.447,269.695,192.164
p5_0056.bmp,443.2,100.0,443.118,271.54,193.851
p5_0057.bmp,445.44,100.0,445.499,285.11,206.919
p5_0058.bmp,447.68,100.0,447.564,308.427,229.565
p5_0059.bmp,449.92,100.0,450.081,358.002,277.776
p5_0060.bmp,452.16,100.0,450.686,413.331,332.585
p5_0061.bmp,454.4,100.0,447.144,495.705,414.785
p5_0062.bmp,456.64,100.0,448.013,515.103,434.512
p5_0063.bmp,458.88,100.0,452.291,525.871,445.347
p5_0064.bmp,461.12,100.0,444.014,630.828,550.455
p5_0065.bmp,463.36,100.0,426.424,817.015,737.198
p5_0066.bmp,465.6,100.0,425.196,876.808,797.004
p5_0067.bmp,467.84,100.0,415.905,1027.544,947.878
p5_0068.bmp,470.08,100.0,415.474,1086.042,1006.283
p5_0069.bmp,472.32,100.0,412.663,1144.027,1064.38
p5_0070.bmp,474.56,100.0,404.802,1248.281,1168.885
p5_0071.bmp,476.8,100.0,405.621,1258.323,1178.894
p5_0072.bmp,479.04,100.0,413.296,1208.117,1128.305
p5_0073.bmp,481.28,100.0,410.684,1228.467,1148.832
p5_0074.bmp,483.52,100.0,416.753,1184.752,1104.784
p5_0075.bmp,485.76,100.0,426.719,1117.838,1037.133
p5_0076.bmp,488.0,100.0,447.329,959.513,877.671
p5_0077.bmp,490.24,100.0,462.807,863.99,781.052
p5_0078.bmp,492.48,100.0,475.44,742.555,659.047
p5_0079.bmp,494.72,100.0,483.483,682.804,598.863
p5_0080.bmp,496.96,100.0,477.666,1036.426,951.62
p5_0081.bmp,499.2,100.0,485.589,1034.672,949.388
p5_0082.bmp,501.44,100.0,486.383,1087.413,1001.948
p5_0083.bmp,503.68,100.0,493.871,1069.502,983.58
p5_0084.bmp,505.92,100.0,495.658,1108.368,1022.068
p5_0085.bmp,508.16,100.0,497.215,1104.425,1017.992
p5_0086.bmp,510.4,100.0,496.723,1190.431,1103.705
p5_0087.bmp,512.64,100.0,495.532,1209.274,1122.467
p5_0088.bmp,514.88,100.0,497.89,1093.954,1006.965
p5_0089.bmp,517.12,100.0,503.404,987.618,900.317
p5_0090.bmp,519.36,100.0,509.558,956.058,868.205
p5_0091.bmp,521.6,100.0,512.796,872.723,784.681
p5_0092.bmp,523.84,100.0,516.234,771.315,683.044
p5_0093.bmp,526.08,100.0,513.789,690.807,602.306
p5_0094.bmp,528.32,100.0,508.318,652.204,563.386
p5_0095.bmp,530.56,100.0,507.133,603.205,514.18
p5_0096.bmp,532.8,100.0,504.553,615.134,525.885
p5_0097.bmp,535.04,100.0,508.579,567.747,478.384
p5_0098.bmp,537.28,100.0,509.779,575.45,485.889
p5_0099.bmp,539.52,100.0,511.596,571.31,481.676
p5_0100.bmp,541.76,100.0,514.859,560.937,471.256
p5_0101.bmp,544.0,100.0,517.282,548.777,459.027
p5_0102.bmp,546.24,100.0,521.017,535.547,445.998
p5_0103.bmp,548.48,100.0,526.898,463.973,374.891
p5_0104.bmp,550.72,100.0,530.412,439.347,350.553
p5_0105.bmp,552.96,100.0,534.106,439.102,350.52
p5_0106.bmp,555.2,100.0,538.628,430.383,342.123
p5_0107.bmp,557.44,100.0,541.9,412.007,324.367
p5_0108.bmp,559.68,100.0,544.959,411.351,324.055
p5_0109.bmp,561.92,100.0,548.533,384.97,298.419
p5_0110.bmp,564.16,100.0,552.616,381.099,295.101
p5_0111.bmp,566.4,100.0,560.436,443.55,357.934
p5_0112.bmp,568.64,100.0,569.552,493.923,409.21
p5_0113.bmp,570.88,100.0,570.344,471.602,387.762
p5_0114.bmp,573.12,100.0,575.618,478.126,395.612
p5_0115.bmp,575.36,100.0,594.728,529.369,449.651
p5_0116.bmp,577.6,100.0,616.077,595.331,518.72
p5_0117.bmp,579.84,100.0,627.314,619.762,545.25
p5_0118.bmp,582.08,100.0,652.24,708.824,637.815
p5_0119.bmp,584.32,100.0,713.873,956.672,893.326
p5_0120.bmp,586.56,100.0,786.15,1286.196,1230.958
p5_0121.bmp,588.8,100.0,760.413,1104.041,1048.101
p5_0122.bmp,591.04,100.0,716.019,857.758,798.915
p5_0123.bmp,593.28,100.0,753.628,943.243,891.47
p5_0124.bmp,595.52,100.0,745.616,876.686,825.576
p5_0125.bmp,597.76,100.0,707.458,701.666,647.44
p5_0126.bmp,600.0,100.0,704.285,678.451,624.648
p5_0127.bmp,597.76,100.0,694.977,650.854,595.815
p5_0128.bmp,595.52,100.0,736.482,834.822,784.051
p5_0129.bmp,593.28,100.0,817.292,1168.556,1127.107
p5_0130.bmp,591.04,100.0,774.791,1013.126,966.223
p5_0131.bmp,588.8,100.0,729.913,838.055,785.682
p5_0132.bmp,586.56,100.0,780.467,1058.495,1011.51
p5_0133.bmp,584.32,100.0,796.439,1140.295,1094.389
p5_0134.bmp,582.08,100.0,681.041,700.694,639.905
p5_0135.bmp,579.84,100.0,662.757,647.793,583.724
p5_0136.bmp,577.6,100.0,642.006,586.655,519.065
p5_0137.bmp,575.36,100.0,627.211,540.573,470.495
p5_0138.bmp,573.12,100.0,614.511,511.591,438.967
p5_0139.bmp,570.88,100.0,586.575,401.88,326.219
p5_0140.bmp,568.64,100.0,574.175,349.917,272.979
p5_0141.bmp,566.4,100.0,564.064,313.957,235.833
p5_0142.bmp,564.16,100.0,553.419,300.143,220.125
p5_0143.bmp,561.92,100.0,545.044,283.105,202.029
p5_0144.bmp,559.68,100.0,539.474,270.304,188.923
p5_0145.bmp,557.44,100.0,536.888,259.663,178.27
p5_0146.bmp,555.2,100.0,535.081,247.45,166.448
p5_0147.bmp,552.96,100.0,535.222,231.837,151.485
p5_0148.bmp,550.72,100.0,534.82,219.667,140.16
p5_0149.bmp,548.48,100.0,534.363,208.91,130.411
p5_0150.bmp,546.24,100.0,534.059,201.768,124.393
p5_0151.bmp,544.0,100.0,531.851,200.251,123.95
p5_0152.bmp,541.76,100.0,528.475,204.094,128.941
p5_0153.bmp,539.52,100.0,526.654,214.676,140.543
p5_0154.bmp,537.28,100.0,525.82,215.664,142.633
p5_0155.bmp,535.04,100.0,523.936,222.027,149.949
p5_0156.bmp,532.8,100.0,524.64,240.826,168.839
p5_0157.bmp,530.56,100.0,524.615,238.101,167.072
p5_0158.bmp,528.32,100.0,523.951,242.027,171.454
p5_0159.bmp,526.08,100.0,522.689,249.43,179.198
p5_0160.bmp,523.84,100.0,521.876,255.619,185.718
p5_0161.bmp,521.6,100.0,520.976,260.927,191.295
p5_0162.bmp,519.36,100.0,519.926,266.218,196.845
p5_0163.bmp,517.12,100.0,519.188,269.779,200.593
p5_0164.bmp,514.88,100.0,518.267,276.673,207.523
p5_0165.bmp,512.64,100.0,516.725,284.449,215.293
p5_0166.bmp,510.4,100.0,515.858,290.29,221.0
p5_0167.bmp,508.16,100.0,514.621,295.453,225.973
p5_0168.bmp,505.92,100.0,512.912,300.158,230.356
p5_0169.bmp,503.68,100.0,512.386,313.336,242.879
p5_0170.bmp,501.44,100.0,510.771,326.879,255.921
p5_0171.bmp,499.2,100.0,511.883,356.957,285.131
p5_0172.bmp,496.96,100.0,512.883,401.46,328.589
p5_0173.bmp,494.72,100.0,513.827,435.121,361.465
p5_0174.bmp,492.48,100.0,514.215,463.67,389.405
p5_0175.bmp,490.24,100.0,512.889,514.65,439.601
p5_0176.bmp,488.0,100.0,512.46,528.012,452.381
p5_0177.bmp,485.76,100.0,513.168,552.391,476.068
p5_0178.bmp,483.52,100.0,514.315,602.059,524.935
p5_0179.bmp,481.28,100.0,517.021,636.06,558.017
p5_0180.bmp,479.04,100.0,519.215,694.925,615.583
p5_0181.bmp,476.8,100.0,520.507,784.737,704.206
p5_0182.bmp,474.56,100.0,521.108,839.901,757.951
p5_0183.bmp,472.32,100.0,517.037,838.66,755.528
p5_0184.bmp,470.08,100.0,507.869,772.561,688.011
p5_0185.bmp,467.84,100.0,501.252,743.237,657.293
p5_0186.bmp,465.6,100.0,495.227,726.159,638.941
p5_0187.bmp,463.36,100.0,487.088,704.378,615.219
p5_0188.bmp,461.12,100.0,478.383,708.179,617.197
p5_0189.bmp,458.88,100.0,470.332,584.096,492.517
p5_0190.bmp,456.64,100.0,464.103,480.65,388.66
p5_0191.bmp,454.4,100.0,458.762,410.581,318.227
p5_0192.bmp,452.16,100.0,453.636,378.509,285.259
p5_0193.bmp,449.92,100.0,450.817,428.646,332.57
p5_0194.bmp,447.68,100.0,448.792,450.027,351.969
p5_0195.bmp,445.44,100.0,446.607,420.528,321.676
p5_0196.bmp,443.2,100.0,445.148,412.083,312.222
p5_0197.bmp,440.96,100.0,444.56,376.218,276.232
p5_0198.bmp,438.72,100.0,443.852,363.533,262.93
p5_0199.bmp,436.48,100.0,441.998,338.525,237.958
p5_0200.bmp,434.24,100.0,439.85,350.994,249.371
p6_0001.bmp,600.0,60.0,566.104,346.076,345.147
p6_0002.bmp,597.76,59.76,563.151,333.633,332.37
p6_0003.bmp,595.52,59.52,561.482,325.586,324.103
p6_0004.bmp,593.28,59.28,559.82,314.534,312.89
p6_0005.bmp,591.04,59.04,558.279,307.534,305.69
p6_0006.bmp,588.8,58.8,556.581,299.805,297.692
p6_0007.bmp,586.56,58.56,553.546,276.113,273.856
p6_0008.bmp,584.32,58.32,550.837,264.285,261.673
p6_0009.bmp,582.08,58.08,547.601,250.636,247.743
p6_0010.bmp,579.84,57.84,546.064,249.808,246.516
p6_0011.bmp,577.6,57.6,545.499,244.903,241.489
p6_0012.bmp,575.36,57.36,545.073,239.262,235.755
p6_0013.bmp,573.12,57.12,544.739,234.565,230.946
p6_0014.bmp,570.88,56.88,544.916,230.701,226.984
p6_0015.bmp,568.64,56.64,544.645,217.679,213.99
p6_0016.bmp,566.4,56.4,543.08,204.554,200.779
p6_0017.bmp,564.16,56.16,542.312,194.707,190.934
p6_0018.bmp,561.92,55.92,544.88,197.349,193.701
p6_0019.bmp,559.68,55.68,544.171,180.865,177.65
p6_0020.bmp,557.44,55.44,544.385,174.505,171.462
p6_0021.bmp,555.2,55.2,544.305,169.583,166.65
p6_0022.bmp,552.96,54.96,544.39,165.733,162.947
p6_0023.bmp,550.72,54.72,544.183,165.42,162.695
p6_0024.bmp,548.48,54.48,543.594,161.947,159.34
p6_0025.bmp,546.24,54.24,543.275,160.216,157.702
p6_0026.bmp,544.0,54.0,542.966,160.643,158.132
p6_0027.bmp,541.76,53.76,542.144,157.452,155.058
p6_0028.bmp,539.52,53.52,539.708,151.969,149.679
p6_0029.bmp,537.28,53.28,537.614,147.75,145.597
p6_0030.bmp,535.04,53.04,536.604,149.296,147.205
p6_0031.bmp,532.8,52.8,535.735,151.158,149.079
p6_0032.bmp,530.56,52.56,534.986,152.105,150.133
p6_0033.bmp,528.32,52.32,534.075,152.034,150.173
p6_0034.bmp,526.08,52.08,531.999,148.191,146.576
p6_0035.bmp,523.84,51.84,532.39,156.797,155.155
p6_0036.bmp,521.6,51.6,532.021,160.832,159.261
p6_0037.bmp,519.36,51.36,531.408,164.194,162.754
p6_0038.bmp,517.12,51.12,530.495,165.78,164.47
p6_0039.bmp,514.88,50.88,529.448,171.914,170.468
p6_0040.bmp,512.64,50.64,528.395,173.607,172.174
p6_0041.bmp,510.4,50.4,527.291,176.697,175.149
p6_0042.bmp,508.16,50.16,526.254,180.721,178.891
p6_0043.bmp,505.92,49.92,524.636,183.732,181.459
p6_0044.bmp,503.68,49.68,522.948,184.444,181.612
p6_0045.bmp,501.44,49.44,521.099,187.798,184.289
p6_0046.bmp,499.2,49.2,519.436,191.322,187.194
p6_0047.bmp,496.96,48.96,516.798,196.511,191.528
p6_0048.bmp,494.72,48.72,514.045,194.862,189.373
p6_0049.bmp,492.48,48.48,510.844,186.38,180.603
p6_0050.bmp,490.24,48.24,508.255,184.68,178.349
p6_0051.bmp,488.0,48.0,503.82,182.286,175.131
p6_0052.bmp,485.76,47.76,501.036,188.523,180.133
p6_0053.bmp,483.52,47.52,498.785,187.585,178.443
p6_0054.bmp,481.28,47.28,497.192,193.751,183.232
p6_0055.bmp,479.04,47.04,494.525,191.577,180.266
p6_0056.bmp,476.8,46.8,489.968,185.819,173.748
p6_0057.bmp,474.56,46.56,485.246,182.392,169.798
p6_0058.bmp,472.32,46.32,482.239,180.663,167.297
p6_0059.bmp,470.08,46.08,479.241,179.813,165.948
p6_0060.bmp,467.84,45.84,476.277,180.189,165.59
p6_0061.bmp,465.6,45.6,473.003,175.46,160.594
p6_0062.bmp,463.36,45.36,469.636,171.575,156.651
p6_0063.bmp,461.12,45.12,470.03,185.524,168.972
p6_0064.bmp,458.88,44.88,468.35,196.073,177.96
p6_0065.bmp,456.64,44.64,465.592,193.764,175.132
p6_0066.bmp,454.4,44.4,462.447,190.057,171.111
p6_0067.bmp,452.16,44.16,459.126,188.461,169.019
p6_0068.bmp,449.92,43.92,455.757,188.531,168.452
p6_0069.bmp,447.68,43.68,453.633,186.058,165.724
p6_0070.bmp,445.44,43.44,449.509,185.22,164.375
p6_0071.bmp,443.2,43.2,447.14,189.164,167.767
p6_0072.bmp,440.96,42.96,444.783,186.765,165.25
p6_0073.bmp,438.72,42.72,441.778,186.568,164.879
p6_0074.bmp,436.48,42.48,439.458,189.117,167.177
p6_0075.bmp,434.24,42.24,437.047,187.525,165.576
p6_0076.bmp,432.0,42.0,433.967,185.142,163.286
p6_0077.bmp,429.76,41.76,431.194,186.743,164.676
p6_0078.bmp,427.52,41.52,428.963,183.712,161.863
p6_0079.bmp,425.28,41.28,427.064,181.829,160.059
p6_0080.bmp,423.04,41.04,424.738,183.199,161.369
p6_0081.bmp,420.8,40.8,422.113,183.51,161.619
p6_0082.bmp,418.56,40.56,418.894,183.403,161.496
p6_0083.bmp,416.32,40.32,415.889,183.462,161.679
p6_0084.bmp,414.08,40.08,413.756,183.911,162.409
p6_0085.bmp,411.84,39.84,411.392,187.647,166.259
p6_0086.bmp,409.6,39.6,408.819,187.62,166.492
p6_0087.bmp,407.36,39.36,405.347,188.997,168.204
p6_0088.bmp,405.12,39.12,402.185,187.398,167.178
p6_0089.bmp,402.88,38.88,398.26,185.439,165.909
p6_0090.bmp,400.64,38.64,394.484,185.035,166.324
p6_0091.bmp,398.4,38.4,389.316,189.458,171.042
p6_0092.bmp,396.16,38.16,384.866,199.082,180.776
p6_0093.bmp,393.92,37.92,379.015,210.754,192.64
p6_0094.bmp,391.68,37.68,372.746,226.021,208.138
p6_0095.bmp,389.44,37.44,367.769,229.81,212.903
p6_0096.bmp,387.2,37.2,361.085,245.187,228.657
p6_0097.bmp,384.96,36.96,355.016,255.551,239.772
p6_0098.bmp,382.72,36.72,351.201,254.823,240.021
p6_0099.bmp,380.48,36.48,346.731,253.739,240.147
p6_0100.bmp,378.24,36.24,342.293,256.579,243.961
p6_0101.bmp,376.0,36.0,339.623,252.415,241.054
p6_0102.bmp,373.76,35.76,337.916,248.74,238.501
p6_0103.bmp,371.52,35.52,333.148,257.67,248.149
p6_0104.bmp,369.28,35.28,330.449,254.661,246.19
p6_0105.bmp,367.04,35.04,328.594,247.929,240.374
p6_0106.bmp,364.8,34.8,327.249,244.157,237.433
p6_0107.bmp,362.56,34.56,326.732,242.151,235.989
p6_0108.bmp,360.32,34.32,326.375,239.544,233.91
p6_0109.bmp,358.08,34.08,326.412,234.327,229.287
p6_0110.bmp,355.84,33.84,326.706,231.041,226.437
p6_0111.bmp,353.6,33.6,327.422,225.238,221.097
p6_0112.bmp,351.36,33.36,326.806,226.64,222.772
p6_0113.bmp,349.12,33.12,323.413,233.447,229.883
p6_0114.bmp,346.88,32.88,321.147,235.585,232.409
p6_0115.bmp,344.64,32.64,322.275,234.46,231.522
p6_0116.bmp,342.4,32.4,322.797,242.555,239.441
p6_0117.bmp,340.16,32.16,323.559,250.236,246.943
p6_0118.bmp,337.92,31.92,324.703,254.858,251.359
p6_0119.bmp,335.68,31.68,325.773,261.342,257.466
p6_0120.bmp,333.44,31.44,329.194,259.892,255.688
p6_0121.bmp,331.2,31.2,329.434,268.33,263.677
p6_0122.bmp,328.96,30.96,331.401,270.038,264.921
p6_0123.bmp,326.72,30.72,337.878,252.18,246.834
p6_0124.bmp,324.48,30.48,340.109,248.878,243.101
p6_0125.bmp,322.24,30.24,344.223,236.948,230.91
p6_0126.bmp,320.0,30.0,346.282,231.891,225.249
p6_0127.bmp,322.24,29.76,349.88,221.783,214.633
p6_0128.bmp,324.48,29.52,351.727,216.432,208.589
p6_0129.bmp,326.72,29.28,355.216,205.131,196.677
p6_0130.bmp,328.96,29.04,361.652,180.676,172.869
p6_0131.bmp,331.2,28.8,363.731,174.609,166.129
p6_0132.bmp,333.44,28.56,365.218,167.167,158.066
p6_0133.bmp,335.68,28.32,367.191,162.615,152.525
p6_0134.bmp,337.92,28.08,371.674,141.315,132.581
p6_0135.bmp,340.16,27.84,373.24,136.544,127.549
p6_0136.bmp,342.4,27.6,374.809,133.392,123.871
p6_0137.bmp,344.64,27.36,375.616,134.136,123.713
p6_0138.bmp,346.88,27.12,376.66,134.829,123.52
p6_0139.bmp,349.12,26.88,378.378,135.019,122.767
p6_0140.bmp,351.36,26.64,379.983,135.269,122.198
p6_0141.bmp,353.6,26.4,381.625,135.391,121.492
p6_0142.bmp,355.84,26.16,381.955,139.342,124.176
p6_0143.bmp,358.08,25.92,382.33,146.082,129.457
p6_0144.bmp,360.32,25.68,384.433,151.407,133.63
p6_0145.bmp,362.56,25.44,385.878,150.833,132.616
p6_0146.bmp,364.8,25.2,387.846,154.497,135.406
p6_0147.bmp,367.04,24.96,388.865,152.732,133.453
p6_0148.bmp,369.28,24.72,390.752,154.651,134.776
p6_0149.bmp,371.52,24.48,393.133,160.509,139.554
p6_0150.bmp,373.76,24.24,394.673,165.488,143.778
p6_0151.bmp,376.0,24.0,396.484,175.881,152.948
p6_0152.bmp,378.24,23.76,398.256,177.588,154.043
p6_0153.bmp,380.48,23.52,399.311,180.386,156.025
p6_0154.bmp,382.72,23.28,400.865,182.55,157.471
p6_0155.bmp,384.96,23.04,402.513,182.62,156.871
p6_0156.bmp,387.2,22.8,403.868,186.108,159.585
p6_0157.bmp,389.44,22.56,405.071,191.162,163.905
p6_0158.bmp,391.68,22.32,407.026,186.523,158.999
p6_0159.bmp,393.92,22.08,409.698,193.526,165.328
p6_0160.bmp,396.16,21.84,413.346,205.857,176.93
p6_0161.bmp,398.4,21.6,415.437,206.794,177.42
p6_0162.bmp,400.64,21.36,417.802,207.791,178.062
p6_0163.bmp,402.88,21.12,418.6,207.84,177.652
p6_0164.bmp,405.12,20.88,418.267,199.483,168.887
p6_0165.bmp,407.36,20.64,419.673,201.759,170.471
p6_0166.bmp,409.6,20.4,421.138,201.269,169.549
p6_0167.bmp,411.84,20.16,423.454,203.605,171.173
p6_0168.bmp,414.08,19.92,424.752,201.304,168.435
p6_0169.bmp,416.32,19.68,425.47,197.211,163.778
p6_0170.bmp,418.56,19.44,426.517,189.726,156.142
p6_0171.bmp,420.8,19.2,428.583,197.251,162.865
p6_0172.bmp,423.04,18.96,429.849,202.024,167.109
p6_0173.bmp,425.28,18.72,431.786,206.479,170.909
p6_0174.bmp,427.52,18.48,434.264,209.058,173.029
p6_0175.bmp,429.76,18.24,435.636,203.473,167.327
p6_0176.bmp,432.0,18.0,436.772,199.461,163.062
p6_0177.bmp,434.24,17.76,439.152,198.439,161.7
p6_0178.bmp,436.48,17.52,441.93,199.95,162.992
p6_0179.bmp,438.72,17.28,443.553,203.79,166.371
p6_0180.bmp,440.96,17.04,444.833,203.474,165.641
p6_0181.bmp,443.2,16.8,446.68,203.163,165.114
p6_0182.bmp,445.44,16.56,450.041,201.906,163.777
p6_0183.bmp,447.68,16.32,451.765,198.899,160.586
p6_0184.bmp,449.92,16.08,454.21,196.781,158.292
p6_0185.bmp,452.16,15.84,457.92,196.026,157.457
p6_0186.bmp,454.4,15.6,460.603,194.808,156.028
p6_0187.bmp,456.64,15.36,464.679,198.261,159.15
p6_0188.bmp,458.88,15.12,469.324,203.029,163.375
p6_0189.bmp,461.12,14.88,473.419,207.525,167.477
p6_0190.bmp,463.36,14.64,479.279,220.328,179.151
p6_0191.bmp,465.6,14.4,483.357,226.45,184.804
p6_0192.bmp,467.84,14.16,487.864,229.684,187.71
p6_0193.bmp,470.08,13.92,492.969,236.011,193.574
p6_0194.bmp,472.32,13.68,498.56,243.172,200.25
p6_0195.bmp,474.56,13.44,502.674,253.292,209.952
p6_0196.bmp,476.8,13.2,505.813,256.341,212.583
p6_0197.bmp,479.04,12.96,508.838,256.964,212.981
p6_0198.bmp,481.28,12.72,511.361,259.915,215.466
p6_0199.bmp,483.52,12.48,513.425,260.192,215.273
p6_0200.bmp,485.76,12.24,515.566,257.786,212.514
